-6.34399e+06
-6.34236e+06
-6.33123e+06
-6.30937e+06
-6.29282e+06
-6.29127e+06
-6.28762e+06
-6.2797e+06
-6.2552e+06
-6.22968e+06
-6.22946e+06
-6.21218e+06
-6.20487e+06
-6.19408e+06
-6.18927e+06
-6.18179e+06
-6.15376e+06
-6.15234e+06
-6.14809e+06
-6.13607e+06
-6.0975e+06
-6.08891e+06
-6.07137e+06
-6.06616e+06
-6.05926e+06
-6.0439e+06
-6.03712e+06
-6.01841e+06
-6.01762e+06
-5.97087e+06
-5.9699e+06
-5.96193e+06
-5.9358e+06
-5.88725e+06
-5.88481e+06
-5.8797e+06
-5.85072e+06
-5.78652e+06
-5.78634e+06
-5.77954e+06
-5.77881e+06
-5.7576e+06
-5.73723e+06
-5.71924e+06
-5.71627e+06
-5.69791e+06
-5.69652e+06
-5.68304e+06
-5.67302e+06
-5.66282e+06
-5.64747e+06
-5.62376e+06
-5.62172e+06
-5.60675e+06
-5.56989e+06
-5.54787e+06
-5.54582e+06
-5.54524e+06
-5.54293e+06
-5.52563e+06
-5.52148e+06
-5.51111e+06
-5.48517e+06
-5.46134e+06
-5.46075e+06
-5.42401e+06
-5.42015e+06
-5.41452e+06
-5.41283e+06
-5.40214e+06
-5.39054e+06
-5.38134e+06
-5.37876e+06
-5.36636e+06
-5.35225e+06
-5.34697e+06
-5.28917e+06
-5.27375e+06
-5.2653e+06
-5.25013e+06
-5.24773e+06
-5.24607e+06
-5.24506e+06
-5.23186e+06
-5.22974e+06
-5.22545e+06
-5.21313e+06
-5.21243e+06
-5.19116e+06
-5.17777e+06
-5.1598e+06
-5.15809e+06
-5.15293e+06
-5.14286e+06
-5.13366e+06
-5.11403e+06
-5.1065e+06
-5.10144e+06
-5.09506e+06
-5.08958e+06
-5.07695e+06
-5.075e+06
-5.06872e+06
-5.06468e+06
-5.04616e+06
-5.04483e+06
-5.04186e+06
-5.02107e+06
-5.00022e+06
-4.98358e+06
-4.9756e+06
-4.95029e+06
-4.9445e+06
-4.92432e+06
-4.91886e+06
-4.91724e+06
-4.90859e+06
-4.90156e+06
-4.9001e+06
-4.8985e+06
-4.89447e+06
-4.89275e+06
-4.89269e+06
-4.88833e+06
-4.8775e+06
-4.85829e+06
-4.84526e+06
-4.84114e+06
-4.83394e+06
-4.83293e+06
-4.81911e+06
-4.81437e+06
-4.81277e+06
-4.80607e+06
-4.77782e+06
-4.73868e+06
-4.73638e+06
-4.71877e+06
-4.70609e+06
-4.69694e+06
-4.69249e+06
-4.69233e+06
-4.66243e+06
-4.64121e+06
-4.6397e+06
-4.63903e+06
-4.63428e+06
-4.60779e+06
-4.60636e+06
-4.60039e+06
-4.59227e+06
-4.56852e+06
-4.56806e+06
-4.5672e+06
-4.546e+06
-4.54273e+06
-4.54158e+06
-4.53939e+06
-4.50344e+06
-4.49753e+06
-4.46907e+06
-4.45994e+06
-4.45494e+06
-4.45008e+06
-4.44756e+06
-4.44721e+06
-4.44259e+06
-4.43373e+06
-4.42566e+06
-4.40732e+06
-4.40704e+06
-4.4009e+06
-4.3589e+06
-4.35795e+06
-4.35569e+06
-4.31492e+06
-4.3133e+06
-4.30558e+06
-4.2957e+06
-4.26494e+06
-4.2584e+06
-4.25625e+06
-4.25605e+06
-4.2501e+06
-4.24826e+06
-4.2214e+06
-4.20102e+06
-4.18558e+06
-4.17718e+06
-4.17513e+06
-4.16712e+06
-4.16142e+06
-4.14442e+06
-4.1439e+06
-4.13725e+06
-4.1332e+06
-4.13285e+06
-4.12285e+06
-4.12225e+06
-4.1097e+06
-4.09325e+06
-4.08303e+06
-4.06176e+06
-4.04537e+06
-4.02777e+06
-4.02584e+06
-4.02505e+06
-4.01195e+06
-3.98795e+06
-3.98687e+06
-3.98188e+06
-3.96932e+06
-3.96896e+06
-3.95242e+06
-3.94896e+06
-3.91405e+06
-3.89911e+06
-3.89023e+06
-3.8836e+06
-3.85614e+06
-3.85083e+06
-3.8496e+06
-3.82488e+06
-3.82123e+06
-3.81633e+06
-3.81448e+06
-3.81007e+06
-3.76599e+06
-3.74981e+06
-3.74104e+06
-3.729e+06
-3.71929e+06
-3.70522e+06
-3.70164e+06
-3.69438e+06
-3.69162e+06
-3.67928e+06
-3.66908e+06
-3.66837e+06
-3.66453e+06
-3.65827e+06
-3.65183e+06
-3.64948e+06
-3.6405e+06
-3.63369e+06
-3.59675e+06
-3.52909e+06
-3.52498e+06
-3.5223e+06
-3.52101e+06
-3.51769e+06
-3.51203e+06
-3.5051e+06
-3.49781e+06
-3.49308e+06
-3.48174e+06
-3.44955e+06
-3.44733e+06
-3.43876e+06
-3.43295e+06
-3.42146e+06
-3.40665e+06
-3.40329e+06
-3.402e+06
-3.37332e+06
-3.33859e+06
-3.33732e+06
-3.32539e+06
-3.29522e+06
-3.28098e+06
-3.27447e+06
-3.26873e+06
-3.26592e+06
-3.22899e+06
-3.22501e+06
-3.22448e+06
-3.21965e+06
-3.20137e+06
-3.1944e+06
-3.18272e+06
-3.17771e+06
-3.17765e+06
-3.17347e+06
-3.16522e+06
-3.15846e+06
-3.15067e+06
-3.14708e+06
-3.14285e+06
-3.11059e+06
-3.09788e+06
-3.09081e+06
-3.06915e+06
-3.05195e+06
-3.05171e+06
-3.03324e+06
-3.02819e+06
-2.99907e+06
-2.99437e+06
-2.97911e+06
-2.97787e+06
-2.9673e+06
-2.92166e+06
-2.90559e+06
-2.89588e+06
-2.88679e+06
-2.87635e+06
-2.87116e+06
-2.85353e+06
-2.84062e+06
-2.83772e+06
-2.82999e+06
-2.82124e+06
-2.81957e+06
-2.81067e+06
-2.78833e+06
-2.7726e+06
-2.77125e+06
-2.77115e+06
-2.77076e+06
-2.76482e+06
-2.76056e+06
-2.75669e+06
-2.74597e+06
-2.74375e+06
-2.73781e+06
-2.73261e+06
-2.72168e+06
-2.69898e+06
-2.67836e+06
-2.67419e+06
-2.66949e+06
-2.66087e+06
-2.66065e+06
-2.65655e+06
-2.65071e+06
-2.64121e+06
-2.63841e+06
-2.63721e+06
-2.63663e+06
-2.63166e+06
-2.63101e+06
-2.62797e+06
-2.62417e+06
-2.62132e+06
-2.61602e+06
-2.61589e+06
-2.61011e+06
-2.60725e+06
-2.59769e+06
-2.59529e+06
-2.59435e+06
-2.59288e+06
-2.59043e+06
-2.58528e+06
-2.57033e+06
-2.56269e+06
-2.56132e+06
-2.55789e+06
-2.55747e+06
-2.55389e+06
-2.54007e+06
-2.53517e+06
-2.5174e+06
-2.50683e+06
-2.49679e+06
-2.49122e+06
-2.48774e+06
-2.48756e+06
-2.46806e+06
-2.45303e+06
-2.41233e+06
-2.40899e+06
-2.40518e+06
-2.39454e+06
-2.386e+06
-2.38469e+06
-2.38384e+06
-2.37881e+06
-2.37646e+06
-2.37268e+06
-2.36811e+06
-2.3636e+06
-2.36241e+06
-2.35723e+06
-2.3537e+06
-2.33664e+06
-2.33311e+06
-2.32026e+06
-2.31943e+06
-2.31281e+06
-2.30365e+06
-2.30223e+06
-2.28875e+06
-2.28419e+06
-2.27085e+06
-2.2658e+06
-2.26379e+06
-2.2606e+06
-2.25773e+06
-2.2506e+06
-2.24175e+06
-2.22959e+06
-2.22762e+06
-2.22675e+06
-2.22572e+06
-2.22571e+06
-2.2055e+06
-2.18872e+06
-2.16069e+06
-2.15969e+06
-2.15776e+06
-2.13886e+06
-2.13716e+06
-2.13465e+06
-2.1045e+06
-2.09167e+06
-2.08307e+06
-2.07403e+06
-2.07174e+06
-2.06199e+06
-2.05501e+06
-2.05212e+06
-2.04979e+06
-2.0313e+06
-2.02855e+06
-2.0165e+06
-2.01383e+06
-2.0075e+06
-2.00266e+06
-1.99306e+06
-1.9908e+06
-1.97281e+06
-1.96921e+06
-1.95314e+06
-1.95021e+06
-1.93679e+06
-1.92507e+06
-1.91376e+06
-1.91324e+06
-1.90504e+06
-1.89692e+06
-1.89094e+06
-1.88775e+06
-1.87739e+06
-1.87605e+06
-1.87482e+06
-1.86939e+06
-1.8607e+06
-1.83607e+06
-1.83513e+06
-1.8271e+06
-1.81776e+06
-1.78104e+06
-1.77252e+06
-1.76993e+06
-1.76921e+06
-1.76406e+06
-1.76262e+06
-1.75449e+06
-1.74953e+06
-1.72869e+06
-1.72483e+06
-1.71855e+06
-1.71565e+06
-1.70639e+06
-1.6988e+06
-1.69616e+06
-1.67304e+06
-1.66903e+06
-1.65932e+06
-1.65269e+06
-1.64967e+06
-1.64354e+06
-1.64028e+06
-1.63537e+06
-1.63443e+06
-1.63416e+06
-1.63026e+06
-1.62861e+06
-1.62232e+06
-1.61814e+06
-1.60505e+06
-1.5961e+06
-1.59532e+06
-1.59503e+06
-1.59086e+06
-1.56692e+06
-1.55992e+06
-1.54647e+06
-1.53811e+06
-1.53712e+06
-1.53491e+06
-1.53061e+06
-1.52773e+06
-1.51886e+06
-1.51378e+06
-1.51361e+06
-1.50847e+06
-1.50815e+06
-1.50411e+06
-1.50394e+06
-1.4972e+06
-1.49629e+06
-1.48714e+06
-1.48684e+06
-1.48608e+06
-1.48132e+06
-1.46831e+06
-1.46702e+06
-1.46037e+06
-1.45782e+06
-1.45537e+06
-1.45107e+06
-1.44928e+06
-1.43867e+06
-1.43792e+06
-1.42225e+06
-1.41275e+06
-1.41187e+06
-1.4095e+06
-1.40898e+06
-1.4081e+06
-1.40256e+06
-1.39339e+06
-1.38848e+06
-1.37511e+06
-1.36871e+06
-1.36738e+06
-1.36471e+06
-1.36355e+06
-1.36118e+06
-1.35866e+06
-1.34287e+06
-1.33121e+06
-1.32394e+06
-1.32282e+06
-1.32036e+06
-1.31662e+06
-1.31341e+06
-1.30283e+06
-1.29376e+06
-1.28394e+06
-1.27545e+06
-1.27533e+06
-1.27124e+06
-1.26811e+06
-1.26455e+06
-1.25435e+06
-1.25156e+06
-1.2514e+06
-1.23654e+06
-1.23122e+06
-1.22619e+06
-1.22372e+06
-1.20903e+06
-1.20655e+06
-1.2011e+06
-1.19253e+06
-1.18865e+06
-1.18629e+06
-1.18345e+06
-1.18089e+06
-1.1806e+06
-1.17853e+06
-1.17414e+06
-1.1633e+06
-1.15976e+06
-1.14685e+06
-1.13519e+06
-1.13228e+06
-1.12283e+06
-1.11355e+06
-1.10709e+06
-1.10597e+06
-1.10321e+06
-1.09631e+06
-1.09547e+06
-1.09315e+06
-1.09107e+06
-1.09097e+06
-1.09079e+06
-1.08525e+06
-1.07836e+06
-1.07782e+06
-1.07732e+06
-1.07068e+06
-1.06278e+06
-1.0592e+06
-1.0581e+06
-1.04159e+06
-1.03994e+06
-1.026e+06
-1.02498e+06
-1.02474e+06
-1.02195e+06
-1.02149e+06
-1.01794e+06
-1.00531e+06
-1.00475e+06
-1.00321e+06
-997309
-992893
-992072
-981796
-980937
-977638
-975069
-973417
-962184
-961920
-953393
-951211
-937307
-936463
-929595
-928308
-927944
-927797
-924856
-915563
-909147
-905270
-890503
-885006
-879662
-872624
-871499
-868993
-860490
-856428
-854658
-852908
-841713
-840727
-839865
-831497
-826893
-824800
-823770
-817025
-810674
-809032
-804423
-796294
-789587
-784771
-783045
-772540
-769918
-768957
-768664
-763512
-757211
-756301
-753907
-743418
-738462
-737477
-735239
-732094
-731707
-723870
-719910
-719453
-710976
-707658
-705184
-700078
-696563
-676347
-676345
-674588
-671321
-670761
-670559
-658408
-657631
-655283
-650668
-646674
-645532
-644240
-642877
-639030
-637917
-637682
-636538
-631525
-630181
-629267
-628584
-623904
-617514
-611239
-610824
-603768
-602695
-601782
-597394
-595281
-590604
-587454
-586879
-584215
-581235
-580956
-568805
-548427
-529352
-525058
-520098
-520046
-517606
-517260
-516078
-515418
-515349
-515210
-513111
-505727
-505222
-503556
-494704
-490604
-488858
-486730
-483318
-482438
-481449
-474400
-464201
-460922
-458995
-457283
-452881
-445376
-444195
-438229
-434016
-428394
-427907
-426132
-425357
-422708
-410995
-407706
-405814
-404255
-403348
-396434
-395668
-389300
-386535
-383488
-381119
-376835
-374135
-373904
-373351
-372787
-370995
-368646
-360668
-358500
-354300
-353357
-348811
-348803
-348706
-347000
-340352
-336726
-335235
-335157
-333781
-329143
-326641
-323292
-321934
-320972
-319496
-319259
-316401
-315505
-314383
-307912
-301765
-300846
-294893
-294598
-294516
-293718
-290556
-287882
-286906
-283816
-283529
-279784
-272826
-262639
-262338
-259728
-259280
-256956
-251496
-248740
-241876
-236986
-236683
-234195
-232659
-231982
-231903
-226810
-224380
-221712
-221430
-215176
-213791
-213147
-208110
-205928
-204927
-204640
-203649
-201447
-201095
-199770
-198237
-197441
-197116
-194830
-191797
-190534
-188136
-181146
-180560
-177268
-173171
-173147
-167122
-161660
-161288
-159919
-159243
-158035
-149999
-145923
-141340
-135762
-134666
-131964
-127717
-126898
-125497
-123155
-123044
-122657
-121241
-120831
-116490
-112732
-112285
-111309
-101965
-101762
-101242
-99171.9
-98473.8
-96749.7
-96461.5
-94683.3
-94193.5
-92324.3
-92116.3
-90672.7
-89842.1
-89778.9
-88845.1
-88390.8
-83681.2
-82014
-79943.6
-78466.7
-76973.5
-76113.2
-75328.9
-72965.8
-71182.6
-64517.6
-63626.2
-63255.3
-61414.9
-60819.5
-60119.7
-59542.3
-59061.6
-58839.2
-56981.5
-56321.7
-53534.3
-52461.9
-52372.5
-51860.8
-51238.6
-51148.1
-50419
-48346.5
-45093.6
-44917.4
-44005.5
-42965.1
-42818.4
-42165.2
-42079.5
-42045.6
-38883.7
-38795.4
-37741.7
-37289.5
-37031
-36771.7
-36125.2
-35610.3
-34939.1
-34685.6
-34284.7
-33645.7
-33201.3
-32433
-28747.3
-28683.5
-27941.5
-26769.2
-26304.1
-26279.9
-26172.5
-25183.4
-25105.8
-25105.4
-22481.3
-21997
-20853.5
-20520.1
-19418.7
-18733.2
-18695
-18200.2
-17950.4
-15706
-14747.4
-14522.9
-14457.6
-14308.2
-13959.6
-13822.3
-13516.4
-13180.9
-12148.6
-11984.3
-11933.4
-9657.26
-9195.42
-8620.26
-7961.35
-7907.04
-7435.71
-6060.32
-5797.75
-5679.71
-5328.84
-5319.92
-5169.36
-5043.23
-4692.41
-4472.26
-3808.8
-3740.57
-2847.33
-2784.48
-2443.34
-2413.81
-2116.22
-2113.02
-1983.12
-1883.56
-1468.03
-1454.28
-1440.88
-1388.81
-1350.45
-1133.68
-837.065
-696.96
-499.759
-353.525
-336.235
-282.043
-255.885
-135.861
